10000
-76
-41
-25
-18
85
9
-38
-60
-65
28
31
-53
-51
-73
40
38
-26
55
-90
-60
-38
79
92
-33
-73
-42
49
62
-56
65
77
-70
-26
-24
97
71
82
74
4
51
93
68
-89
-26
39
-53
61
-52
-10
85
60
-64
-76
47
86
51
-90
-77
-45
25
-38
77
8
87
-50
19
-76
80
7
-88
79
-15
-7
81
-95
-12
-29
-31
77
-90
-11
-60
15
-81
72
-35
55
-97
55
-6
44
-67
25
47
-69
74
54
32
-18
-2
43
-86
-32
-29
93
48
15
-92
-38
97
-80
-47
40
-26
33
76
7
-4
59
-88
-38
67
-34
3
66
-50
60
-38
4
1
60
0
-7
20
10
-71
-40
-19
-63
38
48
-27
5
0
-80
1
38
-17
-59
55
-79
-56
-23
95
37
32
23
-89
1
-70
46
-36
7
73
83
-97
-90
88
-100
-41
15
74
83
-7
-97
65
-73
74
23
22
-90
-14
45
-36
-46
60
38
14
63
-12
-91
35
-66
-17
-44
-22
-47
-6
-46
-49
-82
86
68
-86
-68
89
-35
62
78
85
51
-52
-40
-14
-16
35
61
-3
25
-57
-36
-13
-84
41
-52
-19
-100
80
68
56
-11
-74
-53
-83
-19
36
98
-61
-99
-4
-87
-25
45
-72
-31
1
78
-91
-10
-16
-82
-3
-68
57
-79
-10
86
-77
-88
-64
-100
0
26
-84
40
47
-85
-70
82
-32
7
-33
91
-70
11
-89
19
-97
27
29
-46
-67
-90
-43
-25
95
-6
34
53
13
-87
98
-43
85
59
-87
-33
-77
95
62
11
-62
-79
-44
-26
-20
15
47
22
-75
93
-63
78
16
62
-8
-57
-63
-24
10
92
99
-88
-95
-49
-96
36
9
15
25
15
-92
38
-38
77
63
67
-12
-11
79
98
42
-75
68
15
37
-96
72
83
-32
64
54
-46
79
-19
-98
14
-1
86
-27
-8
87
32
-78
-79
92
54
61
-21
77
-55
-64
1
-43
-78
-50
-74
46
26
-53
69
-91
34
-17
-95
78
55
17
-93
66
93
89
22
79
-15
-40
52
-76
21
18
35
3
-47
-48
91
-63
68
1
96
-65
96
-26
5
33
33
-72
-58
93
-57
-21
1
-79
-77
-77
-49
15
-25
74
31
-2
97
-91
91
-32
-47
49
-48
-23
-96
-57
-65
51
54
94
-7
-54
-26
96
-33
-68
-78
-99
90
-51
4
-67
-58
-36
-36
-96
77
3
-18
-4
-95
17
-40
-61
-22
31
-58
-16
-38
-34
-100
54
-30
7
-63
-7
13
73
-60
-98
-20
62
-69
87
73
17
-2
88
30
-36
-59
26
-21
44
53
-61
2
-21
65
20
12
-88
-96
-15
81
-80
-33
28
21
28
5
85
-95
-80
77
24
-47
-66
-23
58
-46
48
14
50
-99
-24
-18
-54
53
62
-74
56
59
-43
12
15
100
-74
88
92
63
-51
11
-49
-89
-72
-27
87
90
100
79
36
-72
-20
-5
6
10
-1
-38
59
-5
53
-54
-26
-33
16
32
57
9
11
86
-31
-90
40
-99
-2
67
43
-76
-81
-65
-46
-57
40
47
19
60
-61
-60
-75
80
-31
-97
72
-90
-32
-53
44
41
33
22
-90
-89
-48
74
-64
-99
-88
60
-56
2
53
39
-28
94
80
18
-39
-57
-26
60
29
94
-34
69
-19
-24
-97
-98
45
-12
52
-41
98
99
7
-26
-68
95
-32
-10
78
50
-96
72
78
-99
-39
-10
-43
-39
-64
43
13
21
-80
6
-9
71
-37
81
58
86
14
65
-11
-67
11
-46
-47
46
53
-14
19
78
0
41
37
22
85
-95
97
-11
-65
91
32
-38
-86
54
55
92
13
28
-22
19
12
-2
-50
77
-77
62
-22
-25
30
-14
90
66
-53
49
61
-30
46
-58
20
73
-11
-83
78
73
2
-42
66
97
-1
15
-68
-57
-61
41
86
-36
5
88
23
-14
-40
-48
-38
-36
55
-69
4
-59
23
84
99
24
-2
-30
-6
-17
52
91
63
-77
-9
41
-97
86
79
-100
46
-7
7
-83
-56
40
-94
63
44
84
-77
39
-39
-11
6
-50
54
32
-37
-4
67
-3
-80
43
30
-25
-81
15
-97
-74
-97
92
31
-68
-32
-35
61
-35
-83
-85
90
-85
43
40
80
30
-39
-39
-46
50
-27
68
20
78
45
21
100
10
36
-43
-4
38
95
-56
-35
-80
41
-26
-91
69
32
-64
4
-92
2
-73
-56
73
59
-39
15
-3
20
-14
25
60
72
51
-69
-19
74
20
92
36
-96
27
-56
57
42
-9
91
-81
92
-51
23
95
84
3
-27
-31
60
27
-23
-38
-25
57
100
53
38
-23
-57
-12
57
78
-56
28
-3
-95
-17
25
-93
-12
33
-41
-67
19
-68
56
63
93
55
55
-78
31
-51
5
19
-87
-100
24
-32
66
94
-98
-93
-100
-60
-29
25
-24
56
66
58
53
27
93
-26
7
64
-49
0
-60
93
-71
-8
83
-34
-46
14
100
-69
26
88
-3
90
-20
39
5
-73
-95
38
56
78
-15
0
-9
-6
98
36
16
91
-77
69
16
56
64
10
-93
14
6
-82
87
-64
-39
12
75
-32
28
-34
7
-19
-64
64
-35
94
-28
-53
-62
98
22
-62
-45
33
60
-81
95
-54
-9
-83
34
16
-78
-2
67
-94
16
-51
15
-78
32
88
49
28
29
-52
-35
-83
-32
0
-62
-46
-20
77
-50
52
26
-100
80
8
-76
44
33
51
46
-13
-63
77
34
-91
-35
90
-60
-97
-6
39
32
-90
-81
85
-100
-49
-51
18
-50
62
-46
46
63
56
-11
-64
-62
-87
82
-63
69
-67
-76
-81
-69
79
75
-64
72
0
20
31
47
-29
-84
85
47
92
63
-11
-13
82
-72
64
-26
-73
-36
66
-29
37
-31
26
69
-23
-22
-34
-98
57
-77
90
-83
66
22
54
63
-45
64
-55
75
2
76
7
14
-74
64
-91
-69
-57
56
-28
38
-65
-85
21
84
-61
-53
-30
-6
30
-92
-81
-69
73
12
14
-84
59
80
54
-3
-39
-85
63
21
-23
-39
-92
77
29
48
84
22
-90
-48
-25
-74
-52
20
-55
-65
-34
38
-82
-52
98
-62
60
-67
90
-82
-87
12
-59
13
-11
58
15
50
-60
-78
-3
30
66
74
62
-58
76
-30
21
98
-53
-81
51
-48
-48
-47
-95
44
-32
89
43
-67
-3
78
-1
-67
52
63
-1
-38
33
-59
-32
17
25
13
79
-55
56
-42
69
-9
71
4
45
-100
12
-89
-46
-93
-21
43
-96
-88
-89
-67
96
-50
-23
21
98
-32
-47
-9
-57
-58
-83
-77
47
57
-2
15
92
45
52
-82
-97
-53
34
-37
-3
14
-35
-86
65
52
0
76
81
62
-74
3
73
-54
10
80
26
49
-55
-34
53
-10
-81
17
-9
-92
79
66
-16
-11
-96
-1
80
-25
49
97
100
-33
-39
-30
-95
-16
97
-61
66
-11
62
-5
3
-88
-57
-35
-32
67
-7
25
-43
-43
-27
-95
37
-72
48
95
-59
-75
-4
49
-28
-97
34
49
5
-52
-53
39
25
21
-97
91
-29
24
-1
12
58
34
-79
51
80
85
14
-14
0
95
34
92
15
-91
7
95
58
-89
-6
-68
-92
-97
-29
-41
88
-27
80
96
-95
-13
43
76
-14
61
-39
91
-63
-97
-89
-98
10
33
-20
-11
36
93
-64
39
-93
67
-26
-22
45
-71
94
53
-13
2
73
97
79
-80
46
-22
9
-68
-95
97
-1
-55
25
-66
-5
-94
-57
-31
20
-37
83
-54
73
68
33
-58
-64
11
-91
-83
49
80
-81
-41
64
81
24
30
-31
51
-99
5
32
56
-45
19
78
-99
-77
-21
86
-81
-22
-55
-93
21
-4
-67
-8
57
33
38
-11
-3
-17
-100
-79
30
44
-4
-85
34
26
-91
-96
4
-45
-31
-29
9
70
-77
40
88
5
47
-59
59
10
30
-76
95
-63
-43
-76
-30
-9
-69
10
41
0
-93
86
-73
-84
75
-41
80
-94
68
-14
65
68
91
-16
-97
-7
-87
-87
-70
-24
84
-70
66
-67
89
-36
24
0
9
-25
-81
44
83
-96
-15
-65
-65
53
83
-53
66
30
93
-48
-69
-82
-64
10
99
-52
6
-58
-92
-89
41
-23
-89
-2
9
18
80
-42
-14
-27
90
0
92
8
92
-74
-59
52
-28
-4
-41
-99
62
-70
61
-34
5
-32
79
91
100
49
4
67
-11
-69
-9
-13
37
9
80
15
-22
-12
-62
-16
-87
15
94
51
79
-18
-58
28
81
3
72
23
-90
91
-56
-39
7
32
55
49
-69
51
54
8
-40
43
-47
53
53
83
43
75
-54
45
-95
-6
-56
62
-68
6
-66
22
93
-14
-33
19
34
19
-44
32
13
2
33
33
-92
-95
90
93
89
7
-100
85
-56
21
96
46
63
4
-18
-75
43
42
-50
-50
-49
88
-17
59
-7
90
39
-82
26
66
46
-48
73
71
34
79
73
47
-26
-6
-12
-80
42
-73
-46
26
95
36
12
79
31
54
4
27
48
-98
76
-66
-77
61
-62
6
8
84
96
25
-25
9
23
-22
-14
7
-54
0
31
-97
100
60
40
67
-17
20
34
99
-79
-70
-81
44
-27
60
32
-89
-60
54
2
93
-73
26
59
-13
-25
63
-73
-89
17
45
75
77
-57
-56
44
76
-63
-96
-8
-71
-98
-24
11
-40
-22
-86
-29
21
-77
59
4
27
-44
-100
3
24
70
-11
52
78
1
-31
-38
52
33
-43
12
-89
54
-89
-97
-99
47
-14
17
-65
15
94
-95
40
-97
-70
43
-60
-22
-11
95
-1
-15
-96
96
87
-68
49
41
-86
43
36
-94
30
-58
-28
-54
47
-6
14
96
40
14
-67
-27
-94
8
16
15
81
9
-4
-16
-89
-91
-6
38
-91
56
84
33
48
-27
-54
-37
69
35
-46
55
-97
82
-20
82
-69
-62
-83
79
48
-100
-86
100
87
86
-33
98
34
-56
82
-50
-100
33
33
34
-63
-76
-97
95
58
-26
73
-65
96
-21
29
69
74
-41
71
96
-6
-61
57
-72
-16
64
83
27
-54
-85
48
-38
19
-44
-3
100
-39
-60
-33
68
33
21
82
64
-45
77
-49
22
-85
74
-41
74
-37
27
-68
17
1
13
77
-69
-86
-28
4
76
14
-75
6
54
-27
-40
40
-73
9
59
89
87
86
75
-5
-24
-92
91
-99
22
74
-42
54
-60
-38
30
20
-61
97
-21
-87
-44
25
61
48
98
-61
54
67
-16
12
-3
-60
20
2
-8
37
35
90
39
-53
-84
-74
72
-4
-61
69
25
-68
-50
-42
-89
-22
-51
-6
-100
55
-7
-81
13
42
18
45
-58
15
41
-93
-22
0
-31
86
-27
98
-91
26
12
-31
-68
-60
-79
-27
33
43
73
47
52
44
11
-99
77
53
-68
-9
78
-89
42
60
-100
98
88
59
23
-67
-37
-100
-77
-29
-64
27
98
-32
78
48
18
-1
86
10
-56
-98
-36
-6
53
-12
47
-3
80
16
55
-60
-78
-37
98
24
-98
48
95
40
41
45
-62
77
95
-50
52
6
-89
-46
82
7
-31
91
-41
-100
-12
58
97
-20
13
-60
-44
82
-5
-17
-93
-50
-13
50
68
-51
-81
32
10
51
42
77
35
37
88
-49
-74
9
-63
-86
11
-81
-74
97
-60
-90
-71
72
-62
51
-25
-56
-63
-55
-72
-62
16
3
-23
8
81
-55
-76
-77
31
81
88
-95
-16
44
-64
86
-44
99
74
20
-39
-13
-41
-7
14
-49
87
-87
-83
-51
36
-79
81
-83
22
-54
-10
-20
7
71
65
12
19
40
-36
-22
-87
99
43
30
9
45
56
69
88
75
24
34
-76
56
-94
-43
98
-4
24
-40
2
-92
89
45
13
90
-22
59
-31
70
67
-80
90
43
-55
52
81
90
41
51
-25
78
17
95
54
29
74
-7
-34
-53
25
-64
57
50
60
42
-67
-62
24
-12
-24
-9
30
30
-52
9
-41
33
3
-41
59
70
-40
-28
57
80
10
-9
-92
-70
-35
-34
89
-5
78
23
-99
-54
41
-28
93
-92
68
-83
-94
98
50
79
-12
2
58
-62
-36
-87
36
100
38
66
89
-17
23
100
86
17
27
29
-61
-24
-75
-48
64
-53
78
74
18
31
58
-32
15
-77
-42
-80
100
33
-75
9
72
23
69
77
-34
-46
-49
57
-12
83
83
75
82
-60
-37
-85
6
10
98
88
-12
18
-21
-76
-55
13
22
-95
-52
-78
42
30
1
68
73
93
72
-73
-67
9
-5
-75
-90
-80
-99
60
-33
-73
-63
90
86
92
98
69
75
-98
-2
7
-57
1
-3
-14
-80
87
29
-25
-3
16
22
33
-66
15
-87
97
-18
84
-25
-48
12
-74
-7
-75
-2
-32
41
56
73
66
6
-44
-93
13
4
-99
94
-62
35
77
5
-87
-11
-99
48
-42
-2
-46
-2
41
56
-62
90
95
-10
38
9
-53
80
-58
15
38
69
-82
-88
79
96
29
11
-14
-49
97
80
-15
-88
37
72
-14
-6
46
63
-6
43
39
-98
52
-2
-57
-87
8
39
-6
64
75
-46
-68
-16
77
-35
34
39
82
1
-61
22
-30
-85
56
-68
76
97
-96
-88
-92
25
-48
79
71
-30
-33
-86
63
-82
-31
-94
86
-95
37
-37
43
83
70
67
-92
57
-75
56
-32
78
60
66
52
-16
71
97
82
49
81
-31
59
-91
7
48
-28
87
-92
-61
12
26
59
-95
-52
77
-17
98
9
65
-44
11
7
48
39
41
-13
-7
66
-15
-41
-67
-70
36
-28
-90
-36
-41
-59
77
-32
83
52
92
20
95
-96
-41
-81
51
-47
54
-72
-46
57
47
96
-73
-2
-63
11
-39
-78
64
77
61
11
-84
-66
-86
-78
-10
-22
-30
32
-57
-58
27
-26
95
-89
-18
-35
-100
-69
-37
51
62
3
-75
38
89
26
36
-88
0
6
-57
25
-48
2
7
4
-90
69
-30
41
99
38
10
-41
23
88
42
-95
-41
50
-73
43
54
47
-47
-95
1
15
30
-3
68
100
-85
92
-88
55
-67
22
68
68
-51
-6
-66
-89
-12
10
61
74
-84
91
63
-31
-43
52
-53
-10
44
47
88
83
-11
-2
-48
20
-96
-59
-56
-29
21
-38
82
91
-96
61
-94
-41
-94
16
72
-11
3
69
99
-49
-4
13
34
-92
-47
-44
36
-77
-23
76
-80
-59
-22
-42
81
8
9
-59
-78
-50
-52
52
-73
-25
-57
8
-83
37
16
37
20
73
-10
36
-19
-47
-48
-45
-6
25
71
-61
1
-91
-93
-52
14
37
63
32
-55
-45
-90
24
-10
-53
90
-34
-1
-73
2
34
73
-12
-89
-42
22
-21
35
32
-12
76
-23
35
-4
86
-7
-16
-85
-91
-46
41
61
-94
-51
71
-48
58
-54
10
-87
57
-97
-55
-58
-48
-56
-43
-50
-64
-95
-2
-92
-53
7
-38
78
-97
49
-34
9
88
92
-77
-36
89
-71
-66
-65
73
-56
15
5
-82
3
96
6
6
99
-39
-53
62
-1
-83
-83
-89
-97
56
-25
-85
3
46
6
1
86
-21
-99
-100
38
0
-67
-35
-63
-19
-3
100
97
61
90
2
1
44
-58
89
63
-100
36
35
20
-4
-3
-52
-83
9
71
95
-25
49
95
15
-17
97
14
98
-13
68
-16
77
85
49
-95
-31
100
14
49
51
-39
97
-29
-26
-66
8
19
-77
-46
-98
45
4
10
-78
-58
12
-13
100
-96
23
-24
-35
15
20
6
-74
26
-64
60
33
-64
61
75
97
81
-16
38
66
87
66
6
1
39
-53
72
-71
-2
-43
4
-80
3
91
10
-82
-70
2
4
-8
96
-75
-45
3
57
-59
-82
-57
0
-91
-61
75
4
88
89
31
23
-52
43
-60
-4
14
89
-73
-16
45
7
-89
-88
-19
-45
-9
20
-47
95
-32
21
-2
-99
-82
37
-9
79
95
-38
2
-83
-40
48
16
43
-30
35
33
26
-83
-14
18
-90
75
-63
13
42
-83
-16
33
-4
-81
12
34
-22
-50
-36
57
98
-72
-97
100
-54
1
27
-33
-3
-12
-26
-28
-86
-61
7
-53
79
73
-61
42
-34
-3
37
-42
1
-6
-27
-51
-2
3
15
-65
74
-87
-55
-17
-67
7
-57
-11
54
95
58
71
-23
89
-69
-49
88
-72
10
-85
-47
-84
95
-62
65
56
36
-70
-52
93
-90
56
82
-57
-20
-57
-30
79
52
85
-16
-66
87
71
-50
100
98
-50
-59
4
32
-36
-49
-6
-59
-40
-36
-65
84
61
-82
79
20
25
42
47
61
-44
59
-35
66
38
-35
-94
28
-5
90
-52
-75
52
50
-7
43
24
15
-8
34
6
96
-6
-24
-78
-67
59
-9
50
68
-1
15
-100
-89
43
-20
33
11
-59
34
-31
-31
58
90
-36
45
-51
52
13
-69
-80
98
54
74
-62
-63
-13
-77
-21
-54
-62
-90
-76
31
-52
-27
-56
50
47
-64
-77
11
21
94
95
-63
-15
-16
63
30
-57
-1
32
-78
83
-76
26
-41
11
-58
23
64
80
-68
71
77
-39
7
-49
8
42
-7
71
34
56
63
-28
-99
13
-57
68
-69
-64
25
24
-26
52
-92
44
11
64
-36
34
-1
73
-93
60
76
96
83
-23
46
-14
34
-40
-40
75
19
46
55
-77
1
42
70
-8
-37
33
-24
-72
95
-63
24
97
78
78
78
90
41
40
-68
6
2
-19
27
40
-57
91
-4
-9
8
-97
-37
9
76
7
-76
7
54
49
-69
60
-36
-14
92
-46
93
79
86
-83
-46
94
-87
39
74
-26
83
-51
22
-70
-70
-13
-3
-1
51
-67
96
-74
-48
-23
82
92
-96
-6
35
21
96
-29
-55
-2
87
-81
76
68
60
29
-66
1
22
60
-22
64
-79
-46
81
11
9
-31
2
-88
-21
-16
-70
40
34
72
27
8
67
-4
77
44
5
65
76
-55
-32
-95
-57
-41
-94
-97
-47
42
88
73
65
69
2
-24
-36
22
-18
5
18
1
-76
34
88
64
17
-59
52
73
43
-88
13
44
25
-93
-40
-20
86
22
100
-48
-77
15
69
-56
63
12
-33
48
-63
-78
76
-58
51
2
-22
42
-85
36
-41
-32
63
10
-9
40
-32
-58
-20
52
-44
-65
-4
19
91
-46
-56
57
89
-78
14
-73
-42
94
-51
59
-45
-95
89
-48
-85
-3
2
75
-3
-91
-76
-59
-99
29
-89
-12
8
-32
28
18
15
-49
49
67
48
-44
-75
-48
-57
-18
8
3
51
54
11
-64
-74
32
-94
-27
57
-56
-64
-90
-79
76
-18
70
-26
23
12
67
94
-40
70
79
-15
-61
-58
-56
-36
-55
-64
57
10
-44
-26
78
32
42
-97
94
-90
50
-20
39
67
77
-67
1
78
12
-24
24
98
29
3
34
-1
-89
-80
84
50
35
-56
-37
-11
-78
13
21
82
22
-33
99
95
-43
27
-27
-43
-59
36
-67
3
44
-34
-100
-40
-93
-26
-65
68
94
-57
78
10
-18
-45
93
2
45
-21
-68
95
70
-38
-91
23
-17
63
-97
-17
45
74
80
94
-1
46
44
-15
32
12
5
41
-97
-98
-13
5
27
7
73
-60
22
-35
-65
62
-42
99
80
-23
42
93
-38
100
77
-55
72
-26
-25
-87
-63
49
-75
85
-69
23
-50
-80
23
-20
-100
66
-39
-47
-70
51
94
-60
-22
85
3
97
38
-62
20
27
13
74
-2
-66
51
64
27
-15
20
59
35
1
43
-74
-79
46
28
7
70
64
52
-44
21
53
93
-42
-60
3
87
54
98
61
-77
-2
-11
-69
99
20
89
14
36
-69
85
18
-22
71
-16
79
-77
40
-46
-31
58
15
63
-99
-33
76
-34
-19
70
88
-40
68
-33
-26
24
-2
-7
-70
49
-95
-24
20
82
6
-52
-64
35
-73
-4
73
8
28
20
-27
-82
-56
-32
-98
18
-16
84
-66
-88
72
7
-18
-82
22
-3
-53
-31
20
-46
-51
94
-59
-59
100
59
4
-52
-57
70
71
-12
12
21
14
-60
38
71
30
13
88
0
80
-7
-78
-71
-31
-39
59
70
58
-29
78
6
83
-64
-19
-23
96
-10
11
25
-7
27
-92
-38
-87
34
-15
-61
13
-68
66
29
54
-34
4
-30
79
-56
63
93
-80
-84
70
-35
-39
-93
3
55
-54
2
-49
-2
-28
-23
80
61
11
86
-18
-98
92
-88
6
-80
-72
75
-39
-12
42
-18
-30
-52
52
-26
-88
-38
-34
22
16
-97
90
-28
-51
-35
34
82
-52
-10
45
39
-32
48
-100
16
67
-32
22
-55
44
-27
38
-81
20
68
79
32
-81
14
-41
47
81
73
5
-19
-75
-61
86
-31
-43
-36
-76
-93
9
-58
-71
-94
21
-3
-6
99
29
-36
-92
-13
67
51
-8
65
-88
5
75
-75
86
60
-39
2
-97
-18
-91
78
-29
-56
-74
29
100
-29
-55
32
65
-32
99
-33
2
42
-46
8
-13
17
-46
-67
31
47
-85
18
-66
-96
-21
-97
38
-13
-65
27
76
33
92
6
-70
-28
-14
41
7
0
-59
55
-25
-73
-50
1
64
42
90
11
-51
98
-56
66
-56
-2
55
43
-7
-92
79
36
-26
64
37
-46
-65
37
-51
-31
83
-54
-91
-28
73
-6
-48
-20
21
-55
-99
-56
38
-36
-96
0
59
64
-38
77
-44
-63
-71
-98
-17
38
-57
72
49
79
16
55
-62
11
-56
19
-61
54
69
-43
-21
87
56
84
5
91
-3
-50
36
-30
23
-48
32
99
-79
44
40
88
-36
59
-65
83
20
-83
47
-71
-30
-6
-58
-45
83
-76
87
-29
-17
82
69
-23
-98
51
57
-59
-51
-88
50
80
-19
55
-97
82
18
-94
-28
47
78
-12
94
1
74
-15
-35
4
49
85
-86
49
98
62
-35
-52
-37
6
-85
-68
4
95
-55
-3
93
-79
-46
51
-9
99
54
34
-42
77
-18
49
-93
-23
10
-56
82
17
49
-92
-40
70
-50
-5
-10
-65
27
43
35
-77
-18
19
-93
28
-15
-49
-58
12
5
-50
-87
-11
41
50
-100
41
1
-43
-22
-95
92
90
-77
20
3
-70
71
-54
28
-75
50
-76
-57
-56
-39
-43
6
95
-99
-87
-49
-68
63
-72
8
-78
44
-56
-27
76
-9
-68
64
70
90
-70
18
21
-53
-73
-29
-28
28
-86
-75
39
29
87
56
-72
59
-21
-49
-27
-11
94
55
-65
-99
-41
82
-25
48
60
16
74
-59
-79
10
-20
41
-15
-73
-89
-95
7
-50
-13
-14
-29
-18
55
-21
59
-26
-94
-60
69
-45
88
-3
41
15
-23
-51
56
3
70
-74
-6
-94
-32
45
-10
-15
26
7
2
-50
-60
-44
-23
60
9
-2
-92
-82
3
46
46
-86
-70
40
37
-39
38
-46
75
-100
-39
63
47
-42
-32
-85
37
59
-68
17
-1
-20
72
-58
54
-25
76
11
-22
-11
-13
94
-8
-56
-39
92
-100
37
-36
-6
66
14
16
-67
77
-63
39
67
-7
75
4
-18
-6
18
18
9
-45
31
76
89
2
-88
20
-57
86
93
14
-12
58
74
6
78
-29
62
26
92
-30
-67
49
5
-73
-26
-51
-67
67
-47
43
90
21
-39
-10
78
19
-61
-91
-77
87
5
70
-59
53
24
56
72
-62
-25
-71
67
-98
-48
-58
90
-99
-71
12
48
1
3
62
-6
-20
-94
-80
-28
-44
40
-93
29
-44
-40
56
-73
-97
-38
49
-85
91
-95
20
-55
-39
-87
82
-48
-33
-73
3
92
65
95
44
-8
-35
35
-60
-41
33
93
-93
-71
45
58
46
79
-60
81
-25
21
-47
35
-79
-12
100
69
86
88
-19
-39
54
-2
33
73
-25
32
-97
-73
35
-19
-34
-95
44
-38
-96
-1
41
-84
-36
77
49
59
54
-50
15
27
-12
-20
15
74
-25
59
51
51
-44
-87
-82
-82
-97
-20
-40
-53
-37
0
-98
-75
61
-75
7
-81
94
-12
-62
-21
96
65
8
58
-14
-70
-26
-57
-6
60
22
-74
-2
97
-51
-63
76
25
5
-54
-70
12
-86
92
62
-21
41
-63
-80
-39
-41
-7
-14
6
-31
48
-64
-85
-85
6
68
26
-61
49
5
29
14
34
-73
88
-6
24
63
-85
-56
2
29
-63
-10
-15
-49
52
68
-11
34
24
100
-67
-16
61
24
30
17
28
-76
33
-88
38
79
22
-43
34
-87
6
53
-25
-99
66
76
-22
32
53
-34
49
62
-90
-71
-15
-50
18
-30
0
-66
70
60
-25
29
39
-37
-34
-25
-2
53
-58
82
72
79
-4
-52
-31
-71
-86
-88
96
47
57
-18
-13
-40
-30
13
-29
18
92
-71
29
11
-31
58
12
86
-30
-42
-88
98
-99
-43
-13
21
92
89
47
94
-33
94
39
-26
96
-80
-97
5
94
-80
42
-36
12
-66
98
72
-45
-37
63
-100
-64
-56
-15
-23
29
-46
75
53
100
-42
-74
64
-20
-1
-22
21
99
3
18
-54
72
55
37
-86
-42
-92
-80
47
76
26
63
-73
61
82
-89
-46
58
23
32
40
-29
57
81
-53
23
-1
-31
-59
-67
12
-40
43
55
-58
-70
87
38
68
16
-83
-84
92
66
-26
61
-33
49
-93
-63
58
-79
-57
-23
-94
73
23
-33
-14
49
1
-29
-48
21
-30
-10
50
79
-11
86
65
-31
82
58
-70
84
-54
-25
46
38
86
41
97
-29
8
-84
88
-77
-17
-85
22
11
-54
-88
97
-30
-24
69
-19
-5
23
55
1
51
-81
-89
72
99
40
-43
-5
-31
-55
-45
-74
-16
-11
93
15
-77
97
-8
92
28
27
-29
-54
37
-86
86
-99
-34
73
10
10
-29
-3
-99
-29
65
-47
85
-58
10
-67
90
71
-67
-77
-63
-38
30
39
-73
-61
37
-22
76
50
-78
29
57
-97
43
-68
-62
81
-70
85
82
49
-95
64
-58
64
-4
97
72
3
-42
-56
-7
27
69
78
84
46
-57
37
83
6
1
-39
19
29
51
85
-47
39
-12
-57
-84
49
-95
58
54
-26
40
62
-58
-68
-35
81
-68
-34
-58
67
30
31
18
-79
-36
41
-85
-67
23
63
-18
100
82
-31
85
-64
91
77
-67
-95
40
-72
-92
64
-33
20
25
55
-59
-25
18
55
-36
69
-91
61
8
49
-37
-18
-46
-61
-4
48
58
-27
7
4
100
-33
4
75
55
29
43
-78
32
-32
-11
80
-80
82
-74
99
94
74
29
-38
25
-58
-73
-81
92
-66
26
93
-44
19
35
89
74
-91
-74
-72
-35
21
-40
54
35
21
64
66
89
-18
-29
25
57
94
-48
39
-65
97
53
-40
-52
58
-39
86
-53
-87
-94
-67
-49
29
57
-88
-42
99
39
71
98
-31
41
16
-5
-5
-73
76
-100
-62
39
-14
-7
-79
53
-90
62
74
76
-18
-56
-99
20
61
89
-5
-68
-14
-64
98
-79
-27
-43
-56
67
31
95
91
31
78
88
-54
-5
2
-39
71
-85
-26
-25
88
5
20
-45
71
55
-1
67
26
61
-18
-76
90
-66
-43
-27
23
60
97
-31
77
-3
51
-82
6
-82
-23
-79
47
91
-56
52
-51
-55
-58
-74
-42
-41
69
83
84
-96
41
71
-2
62
18
-75
28
-92
97
-87
22
6
5
87
-54
57
93
81
-8
93
8
88
47
81
-20
-92
-55
-62
-24
-53
67
-94
-7
30
-15
-44
-59
1
-79
75
8
-53
20
98
-49
-75
-53
38
22
-49
93
-82
-55
77
-78
-53
53
86
52
82
28
-99
29
80
-43
-11
66
-60
-95
23
10
-18
-93
1
20
-13
98
-27
-72
61
-58
-22
-22
21
-63
44
55
53
-22
-53
-48
-63
-77
-5
-51
-3
-45
42
89
7
76
17
-54
21
-44
-67
4
67
29
-9
-53
77
-95
-76
-77
-68
-57
41
58
85
77
-97
-56
-85
-43
-97
-21
8
94
5
-51
21
28
37
-73
-39
14
-88
11
-13
-54
-32
11
20
83
55
46
44
-63
-80
-89
81
-56
92
-7
-84
15
-88
-19
24
-18
18
-11
-90
-87
-43
94
-67
32
30
-89
69
25
100
73
-6
-82
-19
-90
24
69
-37
-80
64
90
-43
93
91
-27
-70
-15
-66
-88
-60
-9
74
92
60
-81
38
65
-98
30
-92
46
3
25
64
-46
7
-79
4
97
68
-58
23
-96
78
79
67
-92
94
-40
-11
81
-58
-18
-20
-89
57
46
-54
42
53
-78
-48
-23
-81
-96
71
35
-31
-71
-17
-47
-48
-26
-96
71
-68
48
-64
91
-61
4
10
-32
-83
36
-37
-93
73
33
98
7
-69
7
-53
-16
-96
95
16
95
17
21
33
-14
-50
-46
33
-27
-63
-82
59
-21
37
-17
-12
-38
74
68
28
19
58
-5
94
78
99
-75
75
28
24
-83
78
-48
30
-61
93
-82
18
-24
-94
90
7
68
72
30
-29
86
77
-70
-53
36
54
-27
-31
-7
-84
88
48
-24
7
60
-14
45
-6
-70
-12
67
-21
86
-71
69
-20
-22
-7
-85
73
91
-51
54
9
40
-16
-61
-26
93
-10
33
-90
-56
-23
95
82
24
93
90
82
48
9
22
-47
-1
80
-2
81
-86
63
-81
35
0
-16
-27
82
-51
-47
22
9
91
-69
51
-16
55
13
70
100
60
81
9
19
8
-92
76
-25
-20
72
92
14
48
89
-23
-11
6
-79
74
-42
21
-61
-17
29
88
2
-60
27
-70
-4
-83
-71
-99
100
99
56
10
45
-63
51
-72
-59
-2
-62
26
82
50
41
-72
20
-74
74
97
-48
-45
-6
-24
47
-65
83
-39
86
-86
-83
74
-91
3
12
-42
75
-31
69
-57
-61
-62
-3
-6
-53
-83
-23
-4
-42
48
33
-83
-90
-92
-87
60
-83
10
-23
40
-39
-26
68
-97
-88
-87
73
28
-13
-39
-22
-75
-79
44
87
-12
-61
20
34
27
36
91
1
-77
62
67
79
26
-99
90
98
-46
13
54
67
99
-99
-39
-7
-87
76
-32
-4
-39
-14
21
86
-54
1
36
-77
28
-39
67
-82
41
-38
-100
40
-42
85
34
0
-30
-31
-47
59
-28
-88
19
-97
-19
-28
63
20
-73
30
98
39
86
19
88
28
9
73
-79
-100
95
98
-89
22
-58
-15
52
14
71
58
-90
51
20
-21
-97
90
-90
14
-10
2
-97
-20
61
-54
-74
-15
-58
-3
-35
-73
-56
23
4
67
53
-80
46
-69
99
26
-79
40
28
-57
-51
-29
-20
17
61
54
-86
-33
-36
-19
26
-7
82
7
10
-44
98
89
-29
-68
-27
-17
-74
98
-68
82
64
-92
74
-24
27
77
39
-35
-42
-78
90
68
57
16
-40
-12
63
-71
60
-81
-52
86
-21
-46
-22
38
-91
89
-34
-26
65
2
-15
90
-13
66
83
77
-24
64
89
-10
-53
-39
80
-87
-41
-21
-18
71
57
76
49
44
5
-70
87
-69
13
-65
63
61
-98
82
55
-27
2
17
25
42
41
-14
-44
2
85
-57
89
94
0
-40
-55
98
-33
-55
55
-38
-64
41
-40
-40
-26
1
-65
-81
84
-70
-4
-75
-35
62
-93
-80
96
68
-95
96
30
-47
35
48
-60
-53
45
71
-25
-85
-50
25
-51
-55
19
49
-19
72
-40
-19
49
-25
77
91
10
-53
38
-53
16
62
17
-35
25
31
-96
-40
15
-29
-78
12
-32
90
-29
99
-2
96
4
86
-91
68
-50
-37
42
54
-92
-33
-45
-69
-22
17
51
-46
-85
95
-9
-42
-61
64
47
91
-37
-90
-79
95
-13
-78
47
-21
19
-69
-68
13
-33
28
89
42
60
40
-62
10
-91
97
56
-74
-25
-76
-47
25
24
66
72
-28
-99
-71
96
85
-90
85
35
-95
-93
7
-82
61
-91
26
9
13
18
-55
-38
84
77
24
81
-5
97
66
18
31
75
-56
-97
-82
13
-2
59
-91
-99
63
-84
-5
44
-79
35
73
-73
60
14
71
40
-91
-63
-29
-41
-99
-39
-4
-56
-98
0
-89
70
-50
-47
35
-93
10
63
-46
-30
-10
14
-19
-37
31
-76
46
4
-83
-74
-61
-87
-96
72
17
85
96
-70
-25
-83
-19
-1
-90
11
-16
36
49
-51
35
63
-73
-40
73
70
30
-60
73
-64
73
-17
47
-60
-48
-34
82
61
81
28
50
12
1
-40
24
9
-8
-43
47
-58
-84
44
-89
97
42
-36
-9
2
-82
-16
-51
-79
-11
-62
-41
55
73
75
-36
91
-61
-7
81
39
-43
-40
-87
-83
41
9
-23
76
-7
41
36
-93
39
-81
88
-69
36
59
-72
11
-70
-11
49
62
72
67
42
50
98
41
-43
11
-39
-53
-93
-96
54
-90
100
16
76
-72
-10
-79
-31
2
-26
-31
12
67
53
35
-35
98
-32
-52
-50
100
-31
-85
-40
73
-69
-53
-73
100
29
56
-40
43
6
-51
-37
44
-90
68
17
37
-70
17
69
53
-70
-87
67
78
40
88
-87
85
-30
-46
73
37
-82
41
2
-70
71
-66
0
44
-51
56
81
76
-94
-41
72
89
-94
-26
64
10
-56
69
-64
-20
52
60
7
74
47
-63
89
-85
-97
99
-49
-93
2
2
-77
-15
62
97
70
33
65
-89
-57
65
-73
-65
72
72
34
4
-4
100
75
21
73
62
-42
-76
-29
-53
-58
-100
-48
33
-56
19
9
-15
-61
35
-7
96
29
-70
-26
-75
72
-14
-22
-85
-80
-66
-22
-17
34
-59
-19
-14
36
67
17
3
-47
33
6
65
2
43
60
3
41
36
-75
-32
10
-81
5
70
-95
9
97
-37
79
-56
-63
1
-75
-33
27
-68
-17
9
43
2
-76
75
-67
92
45
7
-13
50
-98
41
-28
-97
2
61
13
-72
48
78
-47
-12
-27
40
51
-7
23
52
-89
-74
72
91
-34
-90
-75
0
-36
-53
-96
-38
22
-35
-72
-4
42
-92
-47
56
83
-2
-5
55
96
88
16
96
11
28
56
-70
-30
-67
-68
-50
43
-69
75
-37
-36
18
-8
33
-77
57
-10
46
81
-84
-8
75
20
2
-89
9
88
-77
3
96
31
18
36
-55
-64
78
-18
-85
33
-79
-23
-72
9
31
75
47
-44
46
17
-86
36
20
3
0
-51
-88
29
-9
-86
89
87
-83
37
-80
31
15
-17
10
-10
0
29
-26
93
53
-18
50
-92
-76
-90
-75
31
-68
82
46
58
-5
-83
-46
43
49
-22
-75
3
-79
81
-60
-12
72
89
-65
-96
-69
27
25
-41
74
5
91
-8
77
95
-86
98
16
8
-28
-28
-80
92
-25
-77
31
-99
-80
41
-32
-71
-75
-82
24
59
-2
35
-94
-45
63
-23
-66
5
-96
15
22
-59
79
-33
82
37
-94
-47
-60
-51
88
-89
-34
-75
-99
75
16
68
-38
95
-13
-93
89
70
42
51
-97
27
-35
-69
3
27
-53
-8
-63
57
34
-14
-85
-33
98
87
38
-85
92
-92
36
-76
-89
-93
-11
75
63
80
37
59
-78
78
19
39
98
-46
19
37
-41
-93
37
47
-33
-94
7
-53
-63
34
16
-97
24
-70
44
10
-5
-34
-20
77
-53
32
17
16
41
-85
-73
27
53
62
-56
42
38
82
-15
85
-14
67
-72
-3
96
25
62
-75
-9
88
-20
87
-96
92
-44
-22
-65
37
-41
-63
-15
-41
-14
73
-55
60
-91
-9
76
9
19
1
-25
-44
-34
-12
-95
8
44
95
-3
98
56
-96
-27
40
-18
-59
-94
-6
-82
-25
31
-79
-5
-79
80
-31
-11
16
41
-86
27
79
18
72
-37
-31
-6
75
100
-9
46
85
12
-31
12
97
-30
-16
-54
19
-92
62
-48
43
-3
-12
-44
41
4
5
4
-64
-56
75
-20
-55
97
-55
72
7
-19
60
-61
14
-59
-44
-50
56
67
1
-79
35
79
85
12
82
81
-42
77
-67
-80
20
-72
-68
-65
19
-54
-89
92
97
-39
-78
-92
29
75
53
76
-79
-9
42
75
-40
99
3
-74
-89
-36
95
-26
-15
-68
-72
35
97
75
79
31
7
-33
-65
13
-32
-39
51
-66
80
30
-6
-5
67
45
90
33
85
-63
96
87
-25
73
91
62
92
-2
-72
6
27
-6
76
83
4
100
-1
72
86
73
-50
-50
76
-11
39
24
-14
-93
-49
22
73
98
92
-53
74
78
-32
-40
-34
-42
43
24
-20
-64
-68
-1
44
5
96
29
-75
-5
81
-96
-67
-69
26
28
28
68
-98
-34
96
20
1
32
-20
16
-36
-67
-30
79
22
25
-96
27
-13
-68
23
-82
41
-29
-59
-98
34
-19
52
14
-5
12
-84
-83
-65
47
-15
-53
56
13
33
31
21
82
-70
31
14
93
90
-88
92
73
-84
85
79
-48
-35
88
-77
6
93
4
13
-65
-65
-72
-36
72
51
-87
99
-98
-64
-53
1
-36
-54
67
-10
52
24
-94
18
58
-41
-76
54
-48
-22
-75
-39
59
-10
60
-33
89
-51
82
20
97
68
-48
-6
59
-33
80
-100
-28
-12
36
-43
74
-57
43
49
-29
67
76
48
-97
-48
77
-94
47
-59
-74
-43
-84
-13
37
47
33
71
81
23
-21
-29
54
15
-53
81
-7
-86
67
59
24
0
-69
11
-52
-47
78
7
-91
9
-60
17
-55
-92
2
45
-40
-84
22
-22
-80
89
-80
-35
-31
-27
-32
-63
-26
-100
95
-46
63
-3
-93
38
-37
75
90
46
76
64
-65
-43
52
-46
78
80
-99
15
56
-30
70
-88
66
-75
34
-91
-38
-81
7
-35
-54
-19
60
89
-84
63
-80
-58
-93
-66
-75
-36
78
-37
-13
66
13
39
15
48
-31
88
-53
27
-53
9
-52
89
95
81
-70
-22
-23
52
8
33
12
68
26
-91
34
-97
-94
-72
69
-87
60
10
19
10
-67
37
30
56
-58
-4
42
-68
94
83
-11
-83
-47
20
62
59
3
-84
90
-92
68
-58
-87
-33
-43
98
38
-53
0
-14
59
76
2
-70
-26
60
42
0
-33
-11
-37
1
92
19
98
1
44
55
16
-59
94
-98
40
22
-58
87
99
-73
-34
87
-90
14
36
74
47
-14
-45
-46
43
27
96
29
-71
49
-92
27
-35
45
93
68
-70
35
15
36
-79
-40
54
14
65
-8
71
9
-96
-75
-2
12
-9
-17
-18
60
-87
88
-77
77
64
-29
-12
61
-31
98
-71
91
-82
27
81
-24
90
-27
-69
52
74
-9
30
62
75
-22
-63
69
52
26
-85
-32
28
23
-88
-63
-68
12
-93
-98
94
-79
17
77
42
80
-36
41
-89
-94
-1
88
31
-66
-58
66
-86
32
-13
-13
-60
-74
50
-50
-40
84
58
-29
-5
-46
-89
3
-68
-100
-40
-30
57
76
-11
26
-50
20
17
-41
-48
-46
-35
-92
-86
-12
21
87
57
24
-84
-74
58
-62
92
-97
8
80
68
93
73
25
-92
63
13
4
-88
5
-39
-6
100
95
-74
-100
-100
-52
-53
-43
68
49
-98
-27
-92
98
88
74
-96
40
11
5
-97
-47
87
-74
-46
20
57
-22
-59
-96
-100
-71
-96
67
-45
-52
-17
13
97
59
89
-71
69
-51
48
-63
-17
-3
-83
56
-52
53
-25
51
-53
28
-61
89
33
43
-75
-77
-91
-61
34
39
-75
-21
-95
-11
21
44
-4
-55
42
46
13
-30
100
38
-100
-17
54
78
88
-88
14
-1
42
65
66
-61
-44
-62
-78
-35
16
-65
12
0
-7
47
-8
77
39
93
4
71
-91
13
-42
-54
-27
31
55
43
-100
-65
56
-94
-11
-70
-16
-57
-28
89
79
-46
-47
43
98
-60
16
16
56
-58
18
-77
23
-40
-99
-67
-100
76
-9
-29
-25
28
-94
-16
20
46
53
22
-90
40
-45
-24
98
86
63
22
-60
42
-2
-8
62
49
76
-31
71
-40
-10
74
41
17
-46
-44
-73
50
41
-6
49
-69
35
58
54
-54
-75
82
99
-56
-73
-96
16
67
-7
-53
59
12
96
-72
6
40
23
45
99
-34
12
-100
-82
17
83
-30
86
95
-95
-84
-73
84
-50
-45
-1
-48
60
87
69
-98
-94
-78
83
73
99
61
-19
84
86
-70
-21
-55
45
78
60
-19
68
-19
61
80
-43
45
-70
-1
-48
4
-99
-73
-79
-65
-49
-56
85
18
-47
92
66
6
48
97
-81
81
-11
-5
98
-57
-64
97
53
-32
-100
62
31
67
-43
-43
73
-82
-91
-70
-80
-13
14
-85
-75
16
-89
-53
-87
-41
-58
6
96
-93
29
-24
-61
-82
51
48
-34
-55
-69
29
-78
-38
-2
-61
-79
41
-87
15
-1
-55
88
57
56
-48
-40
-69
95
-100
-91
58
36
100
-14
-47
91
-8
-19
25
-50
-11
68
-18
-42
97
-68
55
-62
2
6
80
54
85
-100
-83
-36
-51
-87
-29
16
-35
71
5
10
7
-53
37
21
-85
3
-55
20
49
14
-53
10
-20
-59
-85
7
85
66
19
-83
39
85
-26
-35
-16
-15
-9
23
64
51
-71
-81
62
-11
-73
-72
26
91
55
9
-69
71
-30
-93
-76
90
69
60
46
-29
-39
-23
35
-45
29
25
-94
-33
-54
5
72
-31
35
-73
-47
-12
-32
-25
6
-94
91
13
-68
-66
-86
3
-27
-59
-28
79
-84
-6
50
-52
37
-75
-16
-36
37
57
10
3
35
35
40
16
45
6
-95
55
-72
15
-58
-42
2
-99
62
7
-32
-41
-3
69
-6
-15
42
-100
-4
99
80
23
-40
32
-27
-8
-25
-45
-24
40
-41
-98
-90
1
21
70
-14
23
-43
52
-96
-30
-89
94
44
-98
42
14
-80
50
36
76
68
-90
-65
82
42
92
72
-75
1
72
6
-68
-25
-1
87
11
-59
29
99
55
-27
88
-38
-20
-69
77
88
-76
79
-53
33
-49
11
-36
89
-25
47
-33
77
36
-8
44
-57
-54
-100
-22
99
81
35
35
-22
-9
-9
89
63
-28
-16
-51
38
-38
-58
90
48
-86
-97
-31
14
85
37
34
-88
75
-65
-73
11
-13
-83
11
-14
17
14
-44
22
-77
-74
69
-85
92
62
-91
63
-33
-60
-80
-99
43
49
-47
-32
-38
74
36
65
-78
-49
-68
-88
79
71
-96
66
45
-54
-63
-63
-95
-53
38
1
70
-69
-7
2
-30
-74
25
-14
-89
77
-10
97
-24
45
84
-1
-53
64
-77
28
60
26
17
8
84
13
-31
82
-5
55
-25
-45
-74
88
80
-39
-6
-20
-61
61
-9
-77
-7
-16
67
51
2
-56
23
21
3
-8
-53
64
56
60
-46
-76
99
95
36
53
-9
-3
-27
-70
-99
-83
63
-9
-73
59
40
60
-69
-94
-25
10
-10
92
-94
95
-84
-82
-42
88
63
37
-39
95
9
77
64
-24
-60
-93
20
-5
14
-79
-15
65
14
70
-81
66
2
7
43
71
-32
8
56
72
53
-12
-91
14
31
-84
-93
73
14
3
-84
77
26
29
-34
-75
42
84
-27
-59
-45
-28
-25
44
54
84
4
-9
6
25
10
60
43
50
-7
-15
88
55
94
-87
96
-88
19
17
-10
84
6
81
29
-14
24
-42
60
-13
50
10
-23
11
-27
-58
-74
52
20
75
-32
20
14
-45
-86
-30
-90
-1
61
-89
-3
92
-84
-41
32
-45
88
85
-75
95
-23
-70
87
-98
-89
-58
70
-72
87
-45
17
62
-48
88
-32
-96
-71
-54
37
29
-26
-11
61
6
44
-92
24
-59
-55
97
77
-77
94
-29
-89
-22
33
83
8
-36
-15
-26
36
90
-48
-96
25
30
100
50
50
13
-78
-17
16
84
-58
-41
58
-37
2
14
57
57
-48
56
49
16
-31
-79
96
77
76
-81
-8
-64
-17
0
-23
-61
-75
100
31
92
64
6
71
61
-69
-96
-94
66
86
92
38
-87
27
87
-79
-91
-24
-4
26
-72
-57
-35
-92
94
98
-44
-8
74
67
91
-64
-87
-15
56
15
-86
79
-93
27
-1
68
60
-13
-55
-54
-54
40
72
-25
-61
96
-15
-73
65
91
-13
-11
44
36
77
-86
-7
26
57
-89
-28
40
14
-19
98
-16
47
67
-92
78
0
70
83
5
32
-88
29
-10
-60
-100
-68
-49
-48
-4
-12
67
23
15
-68
56
13
-80
89
-65
-36
-3
-29
31
2
43
-89
55
-32
-81
-87
-80
46
-15
31
-11
-98
95
45
-21
41
-93
-9
42
-1
41
14
71
-11
-66
-12
73
-18
19
3
-95
-14
5
-5
75
-57
-55
23
-17
79
43
-41
-29
0
63
62
-30
31
-55
-82
-91
-88
24
-96
15
-88
-81
-60
20
-90
79
23
49
20
4
-37
83
44
-60
-33
75
22
-32
-85
-8
-21
-73
3
14
10
-12
-93
5
93
-71
43
-83
33
76
59
-53
-5
-36
43
-5
63
-74
83
15
4
53
71
-20
77
87
64
-74
9
-70
61
85
1
-60
-41
70
85
82
41
-95
-77
63
-47
11
-81
-2
34
-28
-11
-85
98
5
-23
-30
17
-23
-25
-26
31
20
65
75
-14
55
-80
-27
-49
24
46
-64
71
8
54
-32
84
-34
-23
52
-61
96
-16
-47
16
-27
-59
-81
76
24
-39
47
-78
-71
-41
-98
-88
95
30
78
26
0
-30
84
77
-68
41
-68
-12
-50
78
-67
78
-19
-44
54
-85
47
83
74
74
-9
-7
-39
-97
92
-92
91
-61
65
87
-92
-6
-92
51
83
-23
91
3
-61
63
-87
-51
5
-80
-68
-67
93
-61
-71
22
-50
7
28
-42
27
10
-54
-42
76
-75
-82
-15
-50
-61
58
-91
19
47
-16
-18
10
-10
-21
-50
-42
-79
-39
67
-16
99
-67
-21
16
39
-8
52
-15
-45
-77
-41
28
-93
-98
-73
-60
3
-41
-10
-78
-56
13
-63
22
-92
84
43
45
96
-46
12
80
84
-38
5
64
-88
24
-3
34
-93
44
0
60
90
-38
36
54
4
-99
-56
-28
86
70
-52
81
22
-60
15
50
38
-99
-42
-23
42
-94
-30
56
-71
-41
35
10
-89
-70
-28
32
37
-70
-42
-86
34
-23
50
89
58
-68
15
-53
15
67
70
-95
99
86
5
-77
-6
54
-47
74
-37
-69
-81
-18
87
-12
-12
-50
100
-60
51
-17
47
80
7
-69
22
82
45
23
28
-24
43
88
-2
85
-23
7
33
88
71
-41
54
-38
-78
86
10
28
-13
-44
-21
13
-1
-34
65
75
-76
-87
-98
87
84
-46
83
-41
-32
7
42
-31
12
-47
-90
81
35
88
11
-28
45
80
-66
50
-81
-54
-41
63
-3
27
-23
45
-70
-13
-9
15
79
26
64
-77
-86
39
82
-98
-30
-64
63
-99
-10
-9
15
-31
-3
-30
-28
40
-42
-46
77
-98
-31
-43
-53
54
-12
46
-40
26
-91
-31
-76
-48
-39
83
-54
-60
29
-23
-22
21
-99
-75
16
67
11
24
-81
-14
95
-40
-43
33
-55
-9
8
-45
59
-72
33
-27
-43
-38
83
-72
2
-16
48
34
78
-62
17
87
-53
-89
-76
61
35
-71
30
74
-61
81
-22
60
88
19
59
11
-64
15
18
2
-59
27
38
-70
-35
-51
-57
28
-63
-75
25
-43
-82
100
36
46
-54
29
25
74
-86
-21
99
72
67
-40
63
68
31
40
77
-51
84
22
-62
34
-22
-96
-28
63
-58
84
99
72
46
-11
-4
11
-76
-93
-97
-44
71
76
32
56
70
-4
55
-38
-41
71
-42
-42
-64
58
24
92
9
-62
43
-30
-56
12
5
67
-45
26
32
29
78
-1
-73
78
79
-84
73
84
21
-61
-57
-69
-26
-86
-39
49
-38
84
-17
-23
21
75
30
79
-90
-56
-13
-21
-95
-14
-68
85
36
-26
31
-4
12
0
80
-59
-60
47
-92
5
-64
-61
-35
-55
-48
-100
-14
-71
15
78
-23
8
-67
-39
-51
31
-37
11
61
39
-55
-51
6
57
-16
-34
79
84
-20
17
-20
3
-66
43
12
64
2
-64
68
0
5
63
91
73
24
-11
74
44
31
-31
-54
60
62
78
-72
12
-93
1
67
77
9
0
77
-59
63
72
-83
-92
-55
78
-74
31
16
90
-43
74
-98
-9
1
28
14
76
88
-1
-30
-24
-62
-10
-70
28
10
-25
14
-11
-21
33
43
9
69
88
-90
53
-57
54
100
-43
-76
-80
23
-16
52
-11
41
92
-56
7
-27
84
33
-82
6
-75
43
-72
100
13
-69
83
16
-3
12
-99
-31
26
-48
91
-72
1
-86
1
-57
22
3
-64
65
-75
-40
-69
92
96
98
-70
-80
-93
67
-26
96
-50
60
82
-61
-98
66
-69
89
18
70
-34
-12
-80
5
11
-50
0
-95
53
49
26
-64
-100
59
-59
70
-59
63
-66
-46
53
-68
-80
-62
25
-10
-42
-81
66
-24
84
65
-100
-18
-57
59
-74
50
68
87
-70
-26
-13
50
-45
-69
12
-40
58
48
-95
-52
-10
84
96
29
-97
-34
-84
33
87
48
-80
-11
90
34
42
-97
26
-43
11
-67
-46
60
-66
32
20
94
-85
62
-9
-83
74
53
-91
-77
75
56
81
71
93
30
56
34
74
-38
-54
92
-66
-78
87
-86
58
-95
-100
-85
-38
7
-98
29
-72
-84
31
-81
21
44
33
-50
-82
11
-54
-51
-69
-93
-56
-12
-62
-33
66
-79
90
89
-40
80
85
-77
-67
-12
80
42
-72
-40
-41
-55
82
-71
91
71
67
-16
-79
-40
52
46
39
30
17
89
-62
52
29
98
-94
-75
13
-65
10
-13
22
-65
66
-5
94
12
-38
32
24
36
-40
52
16
-34
21
24
-32
34
-54
-72
15
22
-49
-56
26
20
-64
-68
95
65
-12
-35
-85
48
27
73
-99
40
-67
-63
-66
-57
47
72
-23
-58
-3
4
40
3
-64
-99
-7
-5
100
36
33
-90
82
-19
-54
-1
40
-16
-32
9
16
69
-56
9
-88
91
95
-12
-82
-28
-54
98
90
-29
21
57
36
16
91
-55
-56
-18
23
7
-29
-88
13
-45
0
43
-78
-53
38
-69
-87
11
-13
-22
-36
-89
83
-11
1
-85
-44
58
51
-77
20
-78
-64
-83
96
-90
-44
-40
-14
-82
24
-100
-34
23
-75
-4
27
-11
-16
52
89
-36
13
81
-4
-96
-70
14
-78
75
64
-50
3
18
68
75
3
28
-6
54
59
-10
3
95
80
59
96
-94
76
-69
39
59
-10
86
92
83
52
75
5
-81
-63
90
-8
-100
41
82
99
-99
-40
-11
88
-23
53
61
73
-65
-82
-47
-32
53
11
20
41
76
-100
37
48
-85
-3
33
-9
83
12
50
-52
-48
-72
61
-54
10
-96
-66
-14
37
-21
44
48
-73
-99
-11
55
30
6
81
51
66
86
-9
-70
2
-87
73
-58
68
-11
-34
61
-84
20
68
18
-87
23
69
19
-25
-1
21
39
98
-96
-86
77
45
-22
-90
28
-94
55
-19
-32
-13
24
66
26
-31
-40
-88
30
7
6
-17
20
59
-65
61
-70
-69
14
46
38
-7
37
-65
-67
-70
-6
86
15
3
-56
-80
-7
-73
-90
36
84
-13
54
45
-32
64
-89
58
-48
0
-81
52
40
86
62
-72
-57
79
55
-58
-66
-63
52
-71
-33
79
-48
-20
32
99
80
-7
57
49
54
-23
-36
-57
-85
-90
98
27
77
51
75
15
-71
64
-50
-65
-44
88
-35
-76
99
-45
-85
-36
-85
7
-99
0
-7
-98
-20
-5
-19
-4
-90
-72
-58
-63
44
-76
-25
-56
-52
-73
-48
2
-62
68
-17
-18
-88
-14
30
30
-7
19
-88
-90
14
-52
60
-86
-15
-17
96
56
96
-97
55
91
67
15
9
67
-33
54
5
69
79
-98
24
-77
68
24
86
2
22
-81
64
71
-26
74
20
-76
92
-98
-91
-17
0
-6
58
93
-60
-61
29
41
27
33
-92
-41
51
-33
9
74
-100
-40
42
77
-83
62
-67
-58
-17
-66
-34
24
24
-51
-27
68
92
-77
-91
41
-68
40
-81
-46
37
-71
24
-65
9
-71
-89
49
81
-66
20
34
-98
-44
-63
43
25
99
-65
47
-14
38
87
73
39
48
94
3
-8
-4
12
-45
75
25
54
26
16
-35
-45
-48
74
-89
93
19
71
35
-73
-35
98
-41
-98
20
86
5
84
26
100
-61
64
12
-12
-1
85
70
34
17
55
33
17
-30
-6
-55
-68
74
62
-48
33
51
-3
-43
-27
-73
-8
-85
-78
